[gd_scene load_steps=7 format=3 uid="uid://duf6j2ptrwxqt"]

[ext_resource type="Script" uid="uid://du6mtnue0r5dw" path="res://scripts/rail_cam.gd" id="1_5xec8"]
[ext_resource type="PackedScene" uid="uid://uww0dw0d6m7f" path="res://prefabs/player.tscn" id="2_8uff0"]
[ext_resource type="PackedScene" uid="uid://bdgi38t1sv8jn" path="res://models/classroom/RiscuitsClassroomNoBorder.gltf" id="3_ryfih"]
[ext_resource type="Environment" uid="uid://cuxra7uc8caxi" path="res://world_environment_stuff/inclass_environment.tres" id="4_xom8v"]
[ext_resource type="PackedScene" uid="uid://uafeyfxf6rbn" path="res://old stuff/RiscuitsHallwayTest.gltf" id="5_8uff0"]

[sub_resource type="CameraAttributesPractical" id="CameraAttributesPractical_8uff0"]
dof_blur_far_enabled = true
dof_blur_far_distance = 70.0
dof_blur_far_transition = 90.0
dof_blur_near_distance = 2.25

[node name="Test" type="Node3D"]

[node name="RailCamera3D" type="Camera3D" parent="." node_paths=PackedStringArray("main_subject_")]
transform = Transform3D(1, 0, 0, 0, 0.9464692, 0.3227944, 0, -0.3227944, 0.9464692, 0, 6.141553, 9.182448)
attributes = SubResource("CameraAttributesPractical_8uff0")
current = true
fov = 60.0
script = ExtResource("1_5xec8")
look_at_main_subject_ = false
main_subject_ = NodePath("../Player")
metadata/_custom_type_script = "uid://du6mtnue0r5dw"

[node name="Player" parent="." instance=ExtResource("2_8uff0")]
transform = Transform3D(1.8, 0, 0, 0, 1.8, 0, 0, 0, 1.8, 8.941399, 1, -9.185396)

[node name="DirectionalLight3D" type="DirectionalLight3D" parent="."]
transform = Transform3D(-0.2841786, 0.5560002, -0.7810931, -0.15715902, 0.7766489, 0.6100145, 0.94580305, 0.29610887, -0.13332656, -8.113295, 0, 8.661687)
visible = false
light_color = Color(1, 1, 0.7882353, 1)
light_indirect_energy = 16.0
light_volumetric_fog_energy = 16.0
shadow_enabled = true
shadow_blur = 10.0

[node name="blockbench_export" parent="." instance=ExtResource("3_ryfih")]
transform = Transform3D(3.63, 0, 0, 0, 3.63, 0, 0, 0, 3.63, -8.551542, 0, 0)

[node name="SpotLight3D" type="SpotLight3D" parent="."]
transform = Transform3D(0.35945526, 0.50032914, -0.7876946, -0.007763355, 0.8456873, 0.5336223, 0.93313, -0.1856982, 0.30787098, -16.899302, 10.0914345, -9.6017)
light_energy = 16.0
light_indirect_energy = 16.0
light_volumetric_fog_energy = 16.0
shadow_enabled = true
shadow_blur = 1.12
spot_range = 70.0
spot_attenuation = 0.9
spot_angle = 71.0

[node name="SpotLight3D2" type="SpotLight3D" parent="."]
transform = Transform3D(-0.07731861, 0.5315332, -0.84350127, -0.0077633313, 0.8456873, 0.5336223, 0.99697626, 0.04780731, -0.06126089, -16.899302, 12.095642, -3.904655)
light_energy = 16.0
light_indirect_energy = 16.0
light_volumetric_fog_energy = 16.0
shadow_enabled = true
shadow_blur = 2.563
spot_range = 70.0
spot_attenuation = 0.9
spot_angle = 71.0
spot_angle_attenuation = 0.4204482

[node name="SpotLight3D2" type="SpotLight3D" parent="SpotLight3D2"]
transform = Transform3D(0.8673286, 0.4901776, 0.0864113, 0.3363937, -0.7052376, 0.62408257, 0.36685184, -0.5122165, -0.7765655, -8.498272, 37.1932, -57.43643)
light_energy = 0.495
light_indirect_energy = 16.0
light_volumetric_fog_energy = 16.0
shadow_enabled = true
shadow_blur = 2.563
spot_range = 7.963815
spot_attenuation = -0.35
spot_angle = 84.74115
spot_angle_attenuation = 0.4204482

[node name="WorldEnvironment" type="WorldEnvironment" parent="."]
environment = ExtResource("4_xom8v")

[node name="SpotLight3D3" type="SpotLight3D" parent="."]
transform = Transform3D(-0.73742867, 0.6739836, -0.044107314, -0.3970111, -0.37970036, 0.83558965, 0.546426, 0.6336987, 0.5475809, -0.3167162, 10.242211, -19.389572)
light_color = Color(0.99237806, 0.8903938, 0.78785664, 1)
light_energy = 1.32
light_indirect_energy = 16.0
light_volumetric_fog_energy = 16.0
shadow_enabled = true
shadow_blur = 4.081
spot_range = 9.022
spot_attenuation = 0.78
spot_angle = 81.49
spot_angle_attenuation = 0.20306315

[node name="ExitSpotLight" type="SpotLight3D" parent="."]
transform = Transform3D(-0.6096976, 0.74924135, -0.25866237, 0.04644245, 0.35954, 0.9319733, 0.7912724, 0.5562089, -0.25400728, 15.854614, 15.947399, -16.559404)
light_energy = 16.0
light_indirect_energy = 16.0
light_volumetric_fog_energy = 16.0
light_bake_mode = 1
shadow_enabled = true
shadow_blur = 1.12
spot_range = 70.0
spot_attenuation = 0.79
spot_angle = 75.11775

[node name="blockbench_export2" parent="." instance=ExtResource("5_8uff0")]
transform = Transform3D(1, 0, 0, 0, 1, 0, 0, 0, 1, 30.583738, 10.490132, 7.5054474)
